sensors:
  - id: 5d2fcf479caf7592b35518478a2fe08f
    sensor_type: IMU
    description: "VectorNav VN100 IMU"
    topic: /vn100/imu
    sigmas:
      gyro_noise_density: 0.005
      gyro_bias_random_walk_noise_density: 4e-06
      acc_noise_density: 0.01
      acc_bias_random_walk_noise_density: 0.0002
    saturation_accel_max_mps2: 156.9
    saturation_gyro_max_radps: 34.9
    gravity_magnitude_mps2: 9.808083883386614

  - id: aabb23479caf7592b35518478a2fe08f
    sensor_type: ODOMETRY_6DOF
    description: "ROVIOLI in Odometry mode"
    topic: /odometry/maplab_odom_T_M_I

  - id: 8af1bac2a7c5fad79f09e49e3b96d87c
    sensor_type: NCAMERA
    description: "Blackfly S Grayscale 0.4MP (NCamera)"
    topic: ""
    cameras:
      - camera:
          id: 9be7b5000f15adb3c0da8ac6b729ee05
          sensor_type: CAMERA
          description: "Blackfly S 0.4MP Mono Camera"
          topic: /camera
          line-delay-nanoseconds: 0
          image_height: 540
          image_width: 720
          type: pinhole
          intrinsics:
            rows: 4
            cols: 1
            data:
              - 593.690871957
              - 593.74699226
              - 388.42480338
              - 274.84471313
          distortion:
            type: equidistant
            parameters:
              rows: 4
              cols: 1
              data:
                - -0.025457951864817117
                - 0.009902106702461878
                - -0.043069796963119425
                - 0.05057305222464838
        T_B_C:
          rows: 4
          cols: 4
          data:
            - 0.001194498690139
            - -0.999975396308649
            - 0.006912304264153
            - 0.0321990644814
            - -0.166817644296740
            - -0.007014710997646
            - -0.985962812372204
            - 0.00236694722335
            - 0.985987041864226
            - 0.000024636973896
            - -0.166821919030007
            - -0.0596451018445
            - 0
            - 0
            - 0
            - 1
extrinsics:
  - sensor_id: 8af1bac2a7c5fad79f09e49e3b96d87c
    base_sensor_id: 5d2fcf479caf7592b35518478a2fe08f
    T_B_S:
      rows: 4
      cols: 4
      data:
        - [1,0,0,0]
        - [0,1,0,0]
        - [0,0,1,0]
        - [0,0,0,1]
  - sensor_id: 5d2fcf479caf7592b35518478a2fe08f
    base_sensor_id: 5d2fcf479caf7592b35518478a2fe08f
    T_B_S:
      rows: 4
      cols: 4
      data:
        - [1,0,0,0]
        - [0,1,0,0]
        - [0,0,1,0]
        - [0,0,0,1]
  - sensor_id: aabb23479caf7592b35518478a2fe08f
    base_sensor_id: 5d2fcf479caf7592b35518478a2fe08f
    T_B_S:
      rows: 4
      cols: 4
      data:
        - [1,0,0,0]
        - [0,1,0,0]
        - [0,0,1,0]
        - [0,0,0,1]
